Time consumed =  0:01:15.718901
Mean of columns
[  6.49669859e+00   1.57237606e+01   3.94014475e+00   1.31741777e+03
   1.32965350e+03   1.45720038e+03   1.48961816e+03   1.61297775e+03
   7.25334482e+00   8.65028329e+00   6.48615056e+00   1.51837535e+01
   2.18326780e-02   2.18743169e-03   1.45968439e+00   3.12502324e-01
   1.62666788e+00   1.05867096e-02   1.88537284e+00]
Variances of columns
[  1.17470253e+01   7.71859763e+01   3.96106805e+00   2.62291658e+05
   2.29718803e+05   2.98209864e+05   2.48596796e+05   2.49152457e+06
   1.08778045e+03   9.36995004e+02   5.38481468e+02   1.23633268e+02
   2.13560124e-02   2.18264686e-03   1.59567996e+02   3.54315003e+01
   1.13200700e+02   5.65113617e-01   1.67424914e+02]
Non zero values
[  8.62893230e+07   8.62893230e+07   8.62893230e+07   8.44065840e+07
   8.56435700e+07   8.42196940e+07   8.56434920e+07   8.62893230e+07
   8.07908480e+07   6.96196790e+07   8.42692820e+07   8.44529780e+07
   1.88392700e+06   1.88752000e+05   3.68073100e+06   6.13574000e+05
   5.14095700e+06   4.46690000e+04   3.74425900e+06]
Max value
[  1.20000000e+01   3.10000000e+01   7.00000000e+00   2.93000000e+03
   2.40000000e+03   2.95500000e+03   2.40000000e+03   9.91200000e+03
   2.59800000e+03   2.60100000e+03   1.52300000e+03   3.90500000e+03
   1.00000000e+00   1.00000000e+00   2.58000000e+03   1.51000000e+03
   1.39200000e+03   5.33000000e+02   1.40700000e+03]
Min value
[  1.00000000e+00   1.00000000e+00   1.00000000e+00   0.00000000e+00
   0.00000000e+00   0.00000000e+00   0.00000000e+00   1.00000000e+00
  -1.42600000e+03  -1.41000000e+03   0.00000000e+00   0.00000000e+00
   0.00000000e+00   0.00000000e+00   0.00000000e+00   0.00000000e+00
  -6.00000000e+01   0.00000000e+00   0.00000000e+00]
Traceback (most recent call last):
  File "/home/hadoop/spark_vs_r/Basic-Statistics/LatestSpark/Narrow/95-08/summary_stats.py", line 47, in <module>
    sc.close()
AttributeError: 'SparkContext' object has no attribute 'close'
