Mean of columns
[  2.00800000e+03   6.37512968e+00   1.57280148e+01   3.92418151e+00
   1.30790479e+03   1.32608566e+03   1.44921257e+03   1.49480115e+03
   2.22420011e+03   1.24512521e+02   1.28851278e+02   1.01722983e+02
   7.98818128e+00   9.77873621e+00   7.26387029e+02   6.71242351e+00
   1.61313463e+01   2.46300570e-03]
Variances of columns
[  0.00000000e+00   1.16058543e+01   7.73884040e+01   3.95317364e+00
   2.58015386e+05   2.15528908e+05   2.96171253e+05   2.32973053e+05
   3.84832966e+06   5.16740774e+03   4.81913061e+03   4.68126851e+03
   1.45112384e+03   1.22454594e+03   3.15958437e+05   2.48106163e+01
   1.31110583e+02   2.45693965e-03]
Non zero values
[ 7009728.  7009728.  7009728.  7009728.  6873482.  7009725.  6858079.
  7009707.  7009728.  6855029.  7008884.  6855014.  6670110.  6343050.
  7009728.  6857759.  6872525.    17265.]
Max value
[  2.00800000e+03   1.20000000e+01   3.10000000e+01   7.00000000e+00
   2.40000000e+03   2.35900000e+03   2.40000000e+03   2.40000000e+03
   9.74300000e+03   1.37900000e+03   1.43500000e+03   1.35000000e+03
   2.46100000e+03   2.46700000e+03   4.96200000e+03   3.08000000e+02
   4.29000000e+02   1.00000000e+00]
Min value
[  2.00800000e+03   1.00000000e+00   1.00000000e+00   1.00000000e+00
   0.00000000e+00   0.00000000e+00   0.00000000e+00   0.00000000e+00
   1.00000000e+00   0.00000000e+00  -1.41000000e+02   0.00000000e+00
  -5.19000000e+02  -5.34000000e+02   1.10000000e+01   0.00000000e+00
   0.00000000e+00   0.00000000e+00]
