Mean of columns
[  2.00197846e+03   6.49669859e+00   1.57237606e+01   3.94014475e+00
   1.31741777e+03   1.32965350e+03   1.45720038e+03   1.48961816e+03
   1.61297775e+03   1.21375574e+02   1.25479593e+02   1.00393179e+02
   7.25334482e+00   8.65028329e+00   7.28004361e+02   6.48615056e+00
   1.51837535e+01   2.18743169e-03]
Variances of columns
[  1.62917090e+01   1.17470253e+01   7.71859763e+01   3.96106805e+00
   2.62291658e+05   2.29718803e+05   2.98209864e+05   2.48596796e+05
   2.49152457e+06   5.13883870e+03   4.80313985e+03   5.20883330e+03
   1.08778045e+03   9.36995004e+02   3.17020223e+05   5.38481468e+02
   1.23633268e+02   2.18264686e-03]
Non zero values
[ 86289323.  86289323.  86289323.  86289323.  84406584.  85643570.
  84219694.  85643492.  86289323.  84216634.  86263061.  84268296.
  80790848.  69619679.  86283336.  84269282.  84452978.    188752.]
Max value
[  2.00800000e+03   1.20000000e+01   3.10000000e+01   7.00000000e+00
   2.93000000e+03   2.40000000e+03   2.95500000e+03   2.40000000e+03
   9.91200000e+03   1.87900000e+03   1.59200000e+03   3.50800000e+03
   2.59800000e+03   2.60100000e+03   4.96200000e+03   1.52300000e+03
   3.90500000e+03   1.00000000e+00]
Min value
[  1.99500000e+03   1.00000000e+00   1.00000000e+00   1.00000000e+00
   0.00000000e+00   0.00000000e+00   0.00000000e+00   0.00000000e+00
   1.00000000e+00  -7.19000000e+02  -1.24000000e+03  -3.81800000e+03
  -1.42600000e+03  -1.41000000e+03   0.00000000e+00   0.00000000e+00
   0.00000000e+00   0.00000000e+00]
