Time consumed =  0:29:56.347237
Mean of columns
[  6.48545008e+00   1.57277097e+01   3.93969653e+00   1.31482407e+03
   1.33677981e+03   1.45608413e+03   1.50048642e+03   1.88410038e+03
   1.22692506e+02   1.26990649e+02   1.01100579e+02   7.00373255e+00
   8.59682758e+00   7.29416158e+02   6.87529662e+00   1.55935155e+01
   2.13695409e-02   2.11421158e-03   2.12455439e+00   4.54843656e-01
   2.36759700e+00   1.54088380e-02   2.74413919e+00]
Variances of columns
[  1.17053662e+01   7.72001341e+01   3.96134349e+00   2.60530737e+05
   2.16555782e+05   2.96844428e+05   2.32825502e+05   3.17576162e+06
   5.25172289e+03   4.89501554e+03   5.61890015e+03   1.18499509e+03
   9.80220220e+02   3.24759077e+05   7.75102702e+02   1.35624620e+02
   2.09128840e-02   2.10974173e-03   2.30836891e+02   5.15054116e+01
   1.63008138e+02   8.22442282e-01   2.41328527e+02]
Non zero values
[  5.92854570e+07   5.92854570e+07   5.92854570e+07   5.80197420e+07
   5.92802830e+07   5.78962620e+07   5.92802050e+07   5.92854570e+07
   5.78932030e+07   5.92833200e+07   5.78928160e+07   5.56894220e+07
   4.89300010e+07   5.92854570e+07   5.78938020e+07   5.80139440e+07
   1.26690300e+06   1.25342000e+05   3.68073100e+06   6.13574000e+05
   5.14095700e+06   4.46690000e+04   3.74425900e+06]
Max value
[  1.20000000e+01   3.10000000e+01   7.00000000e+00   2.93000000e+03
   2.40000000e+03   2.95500000e+03   2.40000000e+03   9.91200000e+03
   1.87900000e+03   1.44100000e+03   3.50800000e+03   2.59800000e+03
   2.60100000e+03   4.96200000e+03   1.52300000e+03   3.90500000e+03
   1.00000000e+00   1.00000000e+00   2.58000000e+03   1.51000000e+03
   1.39200000e+03   5.33000000e+02   1.40700000e+03]
Min value
[  1.00000000e+00   1.00000000e+00   1.00000000e+00   0.00000000e+00
   0.00000000e+00   0.00000000e+00   0.00000000e+00   1.00000000e+00
  -7.19000000e+02  -1.24000000e+03  -3.81800000e+03  -1.30200000e+03
  -1.41000000e+03   6.00000000e+00   0.00000000e+00   0.00000000e+00
   0.00000000e+00   0.00000000e+00   0.00000000e+00   0.00000000e+00
  -6.00000000e+01   0.00000000e+00   0.00000000e+00]
