Time consumed =  0:00:48.777040
Mean of columns
[  6.37512968e+00   1.57280148e+01   3.92418151e+00   1.30790479e+03
   1.32608566e+03   1.44921257e+03   1.49480115e+03   2.22420011e+03
   7.98818128e+00   9.77873621e+00   6.71242351e+00   1.61313463e+01
   1.96061816e-02   2.46300570e-03   3.43069189e+00   6.61040913e-01
   3.73359722e+00   1.63081934e-02   4.51804150e+00]
Variances of columns
[  1.16058543e+01   7.73884040e+01   3.95317364e+00   2.58015386e+05
   2.15528908e+05   2.96171253e+05   2.32973053e+05   3.84832966e+06
   1.45112384e+03   1.22454594e+03   2.48106163e+01   1.31110583e+02
   1.92217820e-02   2.45693965e-03   3.92093357e+02   8.43071290e+01
   2.71423396e+02   7.35733890e-01   4.08694384e+02]
Non zero values
[  7.00972800e+06   7.00972800e+06   7.00972800e+06   6.87348200e+06
   7.00972500e+06   6.85807900e+06   7.00970700e+06   7.00972800e+06
   6.67011000e+06   6.34305000e+06   6.85775900e+06   6.87252500e+06
   1.37434000e+05   1.72650000e+04   6.70622000e+05   9.99850000e+04
   9.28031000e+05   6.20200000e+03   6.99418000e+05]
Max value
[  1.20000000e+01   3.10000000e+01   7.00000000e+00   2.40000000e+03
   2.35900000e+03   2.40000000e+03   2.40000000e+03   9.74300000e+03
   2.46100000e+03   2.46700000e+03   3.08000000e+02   4.29000000e+02
   1.00000000e+00   1.00000000e+00   2.43600000e+03   1.35200000e+03
   1.35700000e+03   3.92000000e+02   1.31600000e+03]
Min value
[   1.    1.    1.    0.    0.    0.    0.    1. -519. -534.    0.    0.
    0.    0.    0.    0.    0.    0.    0.]
Traceback (most recent call last):
  File "/home/hadoop/spark_vs_r/Basic-Statistics/LatestSpark/Narrow/2008/summary_stats.py", line 47, in <module>
    sc.close()
AttributeError: 'SparkContext' object has no attribute 'close'
