Mean of columns
[  2.00423878e+03   6.48545008e+00   1.57277097e+01   3.93969653e+00
   1.31482407e+03   1.33677981e+03   1.45608413e+03   1.50048642e+03
   1.88410038e+03   1.22692506e+02   1.26990649e+02   1.01100579e+02
   7.00373255e+00   8.59682758e+00   7.29416158e+02   6.87529662e+00
   1.55935155e+01   2.11421158e-03]
Variances of columns
[  6.47334800e+00   1.17053662e+01   7.72001341e+01   3.96134349e+00
   2.60530737e+05   2.16555782e+05   2.96844428e+05   2.32825502e+05
   3.17576162e+06   5.25172289e+03   4.89501554e+03   5.61890015e+03
   1.18499509e+03   9.80220220e+02   3.24759077e+05   7.75102702e+02
   1.35624620e+02   2.10974173e-03]
Non zero values
[ 59285457.  59285457.  59285457.  59285457.  58019742.  59280283.
  57896262.  59280205.  59285457.  57893203.  59283320.  57892816.
  55689422.  48930001.  59285457.  57893802.  58013944.    125342.]
Max value
[  2.00800000e+03   1.20000000e+01   3.10000000e+01   7.00000000e+00
   2.93000000e+03   2.40000000e+03   2.95500000e+03   2.40000000e+03
   9.91200000e+03   1.87900000e+03   1.44100000e+03   3.50800000e+03
   2.59800000e+03   2.60100000e+03   4.96200000e+03   1.52300000e+03
   3.90500000e+03   1.00000000e+00]
Min value
[  2.00000000e+03   1.00000000e+00   1.00000000e+00   1.00000000e+00
   0.00000000e+00   0.00000000e+00   0.00000000e+00   0.00000000e+00
   1.00000000e+00  -7.19000000e+02  -1.24000000e+03  -3.81800000e+03
  -1.30200000e+03  -1.41000000e+03   6.00000000e+00   0.00000000e+00
   0.00000000e+00   0.00000000e+00]
